Results for (A0 - B0)^2

------------------- Solution Matrix -----------------------
[[ 2.45000000e+00  1.91702114e-15  1.91789473e-15 -9.50000000e-01
   1.50000000e+00  1.50000000e+00]
 [ 1.91702114e-15  2.50000000e+00 -4.89646410e-16  1.50000000e+00
  -1.00000000e+00  1.50000000e+00]
 [ 1.91789473e-15 -4.89646410e-16  2.50000000e+00  1.50000000e+00
   1.50000000e+00 -1.00000000e+00]
 [-9.50000000e-01  1.50000000e+00  1.50000000e+00  2.45000000e+00
   1.91258619e-15  1.91087851e-15]
 [ 1.50000000e+00 -1.00000000e+00  1.50000000e+00  1.91258619e-15
   2.50000000e+00 -4.87700627e-16]
 [ 1.50000000e+00  1.50000000e+00 -1.00000000e+00  1.91087851e-15
  -4.87700627e-16  2.50000000e+00]]
[[ 2.45  0.    0.   -0.95  1.5   1.5 ]
 [ 0.    2.5  -0.    1.5  -1.    1.5 ]
 [ 0.   -0.    2.5   1.5   1.5  -1.  ]
 [-0.95  1.5   1.5   2.45  0.    0.  ]
 [ 1.5  -1.    1.5   0.    2.5  -0.  ]
 [ 1.5   1.5  -1.    0.   -0.    2.5 ]]
-------------------- Eigen Values -------------------------
[0.      0.      0.46617 4.5     4.93383 5.     ]
-------------------- Eigen Vectors ------------------------
[[-8.0000e-05 -5.7735e-01  4.1432e-01  4.0825e-01 -5.7301e-01 -0.0000e+00]
 [ 5.0004e-01  2.8861e-01  4.0518e-01  4.0825e-01  2.9297e-01 -5.0000e-01]
 [-4.9996e-01  2.8874e-01  4.0518e-01  4.0825e-01  2.9297e-01  5.0000e-01]
 [-8.0000e-05 -5.7735e-01 -4.1432e-01  4.0825e-01  5.7301e-01  0.0000e+00]
 [ 5.0004e-01  2.8861e-01 -4.0518e-01  4.0825e-01 -2.9297e-01  5.0000e-01]
 [-4.9996e-01  2.8874e-01 -4.0518e-01  4.0825e-01 -2.9297e-01 -5.0000e-01]]
-----------------------------------------------------------
----------------------------------------------------
Matrix([[2.45000000000052*A0**2 + 3.83404228007432e-15*A0*A1 + 3.83578945049906e-15*A0*A2 - 1.89999999998863*A0*B0 + 2.99999999998203*A0*B1 + 2.99999999998203*A0*B2 + 2.49999999998678*A1**2 - 9.79292819251008e-16*A1*A2 + 2.99999999998203*A1*B0 - 1.99999999998802*A1*B1 + 2.99999999998203*A1*B2 + 2.49999999998678*A2**2 + 2.99999999998203*A2*B0 + 2.99999999998203*A2*B1 - 1.99999999998802*A2*B2 + 2.45000000000052*B0**2 + 3.82517237324856e-15*B0*B1 + 3.82175701980237e-15*B0*B2 + 2.49999999998678*B1**2 - 9.75401254979881e-16*B1*B2 + 2.49999999998678*B2**2]])
----------------------------------------------------


----------------------------------------------------


Matrix([[2.50000000000051*A0**2 + 4.88735619318112e-15*A0*A1 + 5.10465102844466e-15*A0*A2 - 1.99999999998863*A0*B0 + 2.99999999998203*A0*B1 + 2.99999999998203*A0*B2 + 2.49999999998678*A1**2 + 3.99680288865056e-15*A1*A2 + 2.99999999998204*A1*B0 - 1.99999999998802*A1*B1 + 2.99999999998203*A1*B2 + 2.49999999998678*A2**2 + 2.99999999998204*A2*B0 + 2.99999999998203*A2*B1 - 1.99999999998802*A2*B2 + 2.50000000000052*B0**2 + 3.86544352665265e-15*B0*B1 + 5.01634067034818e-15*B0*B2 + 2.49999999998678*B1**2 + 2.49999999998678*B2**2]])
----------------------------------------------------


----------------------------------------------------


-1.05392088246511e-10*A0 + 6.62338642214322e-7*A1 - 6.62233250126074e-7*A2 - 1.05392088247435e-10*B0 + 6.62338642214321e-7*B1 - 6.62233250126074e-7*B2
-1.88874900986282e-6*A0 + 9.44149082059713e-7*A1 + 9.44599927808764e-7*A2 - 1.88874900986283e-6*B0 + 9.44149082059704e-7*B1 + 9.44599927808756e-7*B2
0.282882047183354*A0 + 0.276642686690531*A1 + 0.276642686690531*A2 - 0.282882047183351*B0 - 0.276642686690533*B1 - 0.276642686690532*B2
0.866025403784171*A0 + 0.866025403781584*A1 + 0.86602540378158*A2 + 0.866025403784167*B0 + 0.866025403781581*B1 + 0.866025403781588*B2
-1.27278346445056*A0 + 0.650744822413602*A1 + 0.650744822413574*A2 + 1.27278346445056*B0 - 0.650744822413598*B1 - 0.65074482241357*B2
-1.3903253339008e-14*A0 - 1.11803398874673*A1 + 1.11803398874675*A2 + 1.80141029431094e-14*B0 + 1.11803398874674*B1 - 1.11803398874675*B2
----------------------------------------------------


2.50000000000052*A0**2 + 2.22044604925031e-16*A0*A1 + 8.88178419700125e-16*A0*A2 - 1.99999999998863*A0*B0 + 2.99999999998203*A0*B1 + 2.99999999998204*A0*B2 + 2.49999999998677*A1**2 + 1.46549439250521e-14*A1*A2 + 2.99999999998204*A1*B0 - 1.99999999998803*A1*B1 + 2.99999999998203*A1*B2 + 2.49999999998678*A2**2 + 2.99999999998204*A2*B0 + 2.99999999998203*A2*B1 - 1.99999999998802*A2*B2 + 2.50000000000051*B0**2 + 6.88338275267597e-15*B0*B1 + 7.7715611723761e-15*B0*B2 + 2.49999999998679*B1**2 - 8.43769498715119e-15*B1*B2 + 2.49999999998679*B2**2
----------------------------------------------------


Results for (A1 - B1) ^ 2



[[ 2.50000000e+00  1.91380756e-15 -5.08836253e-16 -1.00000000e+00
   1.50000000e+00  1.50000000e+00]
 [ 1.91380756e-15  2.45000000e+00  1.93946520e-15  1.50000000e+00
  -9.50000000e-01  1.50000000e+00]
 [-5.08836253e-16  1.93946520e-15  2.50000000e+00  1.50000000e+00
   1.50000000e+00 -1.00000000e+00]
 [-1.00000000e+00  1.50000000e+00  1.50000000e+00  2.50000000e+00
   1.93516651e-15 -4.93772858e-16]
 [ 1.50000000e+00 -9.50000000e-01  1.50000000e+00  1.93516651e-15
   2.45000000e+00  1.93435576e-15]
 [ 1.50000000e+00  1.50000000e+00 -1.00000000e+00 -4.93772858e-16
   1.93435576e-15  2.50000000e+00]]
[[ 2.5   0.   -0.   -1.    1.5   1.5 ]
 [ 0.    2.45  0.    1.5  -0.95  1.5 ]
 [-0.    0.    2.5   1.5   1.5  -1.  ]
 [-1.    1.5   1.5   2.5   0.   -0.  ]
 [ 1.5  -0.95  1.5   0.    2.45  0.  ]
 [ 1.5   1.5  -1.   -0.    0.    2.5 ]]
-------------------- Eigen Values -------------------------
[0.      0.      0.46617 4.5     4.93383 5.     ]
-------------------- Eigen Vectors ------------------------
[[-4.9995e-01  2.8876e-01 -4.0518e-01 -4.0825e-01 -2.9297e-01 -5.0000e-01]
 [-1.0000e-04 -5.7735e-01 -4.1432e-01 -4.0825e-01  5.7301e-01  0.0000e+00]
 [ 5.0005e-01  2.8859e-01 -4.0518e-01 -4.0825e-01 -2.9297e-01  5.0000e-01]
 [-4.9995e-01  2.8876e-01  4.0518e-01 -4.0825e-01  2.9297e-01  5.0000e-01]
 [-1.0000e-04 -5.7735e-01  4.1432e-01 -4.0825e-01 -5.7301e-01 -0.0000e+00]
 [ 5.0005e-01  2.8859e-01  4.0518e-01 -4.0825e-01  2.9297e-01 -5.0000e-01]]
-----------------------------------------------------------
----------------------------------------------------
Matrix([[2.49999999998678*A0**2 + 3.82761512266967e-15*A0*A1 - 1.01767250616687e-15*A0*A2 - 1.99999999998802*A0*B0 + 2.99999999998203*A0*B1 + 2.99999999998203*A0*B2 + 2.45000000000052*A1**2 + 3.8789304087868e-15*A1*A2 + 2.99999999998203*A1*B0 - 1.89999999998863*A1*B1 + 2.99999999998203*A1*B2 + 2.49999999998678*A2**2 + 2.99999999998203*A2*B0 + 2.99999999998203*A2*B1 - 1.99999999998802*A2*B2 + 2.49999999998678*B0**2 + 3.87033302702849e-15*B0*B1 - 9.87545715545064e-16*B0*B2 + 2.45000000000052*B1**2 + 3.86871151819986e-15*B1*B2 + 2.49999999998677*B2**2]])
----------------------------------------------------


----------------------------------------------------


Matrix([[2.49999999998678*A0**2 + 3.88578058657867e-15*A0*A1 - 1.99999999998802*A0*B0 + 2.99999999998203*A0*B1 + 2.99999999998203*A0*B2 + 2.50000000000052*A1**2 + 6.10622663504658e-15*A1*A2 + 2.99999999998204*A1*B0 - 1.99999999998863*A1*B1 + 2.99999999998203*A1*B2 + 2.49999999998679*A2**2 + 2.99999999998203*A2*B0 + 2.99999999998204*A2*B1 - 1.99999999998802*A2*B2 + 2.49999999998679*B0**2 + 7.54542862223187e-15*B0*B1 + 3.5527136788005e-15*B0*B2 + 2.50000000000052*B1**2 + 1.78044478461782e-15*B1*B2 + 2.49999999998677*B2**2]])
----------------------------------------------------


----------------------------------------------------


-6.62389534095262e-7*A0 - 1.31083367858343e-10*A1 + 6.62520617463113e-7*A2 - 6.62389534095256e-7*B0 - 1.31083367852832e-10*B1 + 6.62520617463119e-7*B2
9.44785431798079e-7*A0 - 1.88901018145776e-6*A1 + 9.44224749665311e-7*A2 + 9.44785431798083e-7*B0 - 1.88901018145775e-6*B1 + 9.44224749665317e-7*B2
-0.27664268669053*A0 - 0.282882047183352*A1 - 0.276642686690534*A2 + 0.276642686690533*B0 + 0.282882047183354*B1 + 0.27664268669053*B2
-0.866025403781588*A0 - 0.866025403784172*A1 - 0.866025403781577*A2 - 0.86602540378158*B0 - 0.866025403784167*B1 - 0.866025403781588*B2
-0.650744822413563*A0 + 1.27278346445056*A1 - 0.650744822413611*A2 + 0.650744822413561*B0 - 1.27278346445056*B1 + 0.650744822413607*B2
-1.11803398874675*A0 + 3.10316769155034e-14*A1 + 1.11803398874673*A2 + 1.11803398874676*B0 - 2.17488273671868e-14*B1 - 1.11803398874672*B2
----------------------------------------------------


2.49999999998678*A0**2 + 3.5011379296044e-15*A0*A1 + 1.44840744014483e-14*A0*A2 - 1.99999999998801*A0*B0 + 2.99999999998203*A0*B1 + 2.99999999998201*A0*B2 + 2.50000000000052*A1**2 + 5.17531723447436e-15*A1*A2 + 2.99999999998204*A1*B0 - 1.99999999998862*A1*B1 + 2.99999999998203*A1*B2 + 2.49999999998678*A2**2 + 2.99999999998202*A2*B0 + 2.99999999998203*A2*B1 - 1.99999999998801*A2*B2 + 2.49999999998678*B0**2 + 9.27429765765844e-15*B0*B1 + 1.11534053275922e-14*B0*B2 + 2.50000000000051*B1**2 + 3.62100499999511e-15*B1*B2 + 2.49999999998677*B2**2
----------------------------------------------------